183 84 174 144
117 23 74 73
49 32 65 38
187 66 105 93
====================
107 27 80 105
67 16 64 93
81 49 70 106
8 7 10 23
====================
133 90 128 36
61 66 61 42
53 98 44 88
80 64 68 16
====================
230 228 135 105
60 56 37 23
120 116 90 90
144 142 95 107
====================
25 134 84 94
37 104 68 79
92 112 87 64
19 42 27 14
====================
172 113 145 124
145 110 132 116
100 65 83 72
138 82 100 93
====================
161 45 76 93
236 90 76 198
278 110 72 220
253 88 78 176
====================
112 26 146 92
108 49 167 151
76 39 119 96
136 41 173 77
====================
80 122 117 125
106 180 145 138
32 57 59 60
94 156 145 162
====================
24 52 32 32
90 73 73 49
104 84 73 45
68 94 78 54
====================
121 111 106 26
185 169 186 52
177 154 205 57
253 234 235 73
====================
102 64 39 101
180 107 107 164
126 45 115 119
153 77 105 145
====================
193 130 121 201
128 101 95 144
135 86 92 139
198 130 135 212
====================
141 162 170 128
109 97 99 105
112 138 150 102
133 125 127 121
====================
138 37 152 187
104 27 101 101
98 69 117 181
125 46 135 179
====================
66 62 99 84
122 96 149 139
97 112 106 80
124 116 70 67
====================
159 70 15 49
135 76 22 75
100 54 25 86
208 87 25 89
====================
140 94 64 42
164 92 113 78
248 168 123 88
129 82 34 53
====================
99 92 64 95
107 116 93 103
133 141 101 116
44 32 33 52
====================
101 123 169 161
63 61 85 77
68 29 99 89
143 154 192 168
====================
106 121 56 32
161 170 85 67
140 158 94 56
154 168 84 76
====================
94 144 126 107
128 153 84 112
193 211 158 190
28 73 54 32
====================
67 42 44 99
35 24 26 52
133 116 70 208
99 35 16 143
====================
172 279 119 115
64 96 46 10
96 148 53 57
117 219 111 92
====================
59 74 134 119
75 94 201 150
84 112 210 154
103 127 289 220
====================
110 106 210 137
139 75 189 160
70 70 126 54
42 12 45 51
====================
76 70 85 88
124 89 119 94
100 89 72 74
37 27 65 56
====================
31 136 88 80
19 153 121 76
36 176 148 130
28 229 163 98
====================
125 10 110 137
41 21 32 128
159 30 129 265
143 25 125 206
====================
46 67 99 92
84 79 114 90
35 54 104 114
82 91 157 144
====================
44 66 60 61
124 174 117 170
158 122 185 162
185 209 187 221
====================
65 116 69 42
82 98 73 26
62 137 77 68
74 136 80 59
====================
232 134 197 166
105 65 101 66
124 92 101 123
85 74 71 85
====================
